9447
9538
9674
9578
9380
9480
9477
9667
9609
9405
9488
9559
9645
9646
9431
9502
9620
9656
9549
9283
9477
9516
9639
9575
9301
9567
9567
9628
9606
9312
9534
9623
9628
9526
9233
9556
9645
9646
9581
9283
9574
9649
9660
9570
9300
9495
9584
9664
9613
9408
9409
9603
9656
9652
9474
9330
9595
9671
9628
9498
9394
9496
9598
9596
9337
9521
9624
9668
9628
9381
9527
9567
9684
9664
9383
9555
9642
9618
9588
9332
9549
9661
9648
9599
9322
9491
9596
9657
9603
9345
9437
9548
9710
9639
9459
9557
9484
9664
9675
9480
9387
9588
9653
9628
9521
9409
9585
9657
9606
9377
9562
9563
9632
9646
9399
9437
9642
9653
9648
9437
9462
9545
9638
9599
9355
9629
9610
9670
9638
9438
9587
9620
9692
9603
9415
9398
9584
9707
9735
9480
9496
9635
9717
9731
9509
9530
9649
9761
9751
9548
9616
9679
9708
9681
9401
9549
9703
9743
9717
9430
9595
9671
9735
9725
9480
9595
9645
9735
9613
9348
9599
9707
9731
9653
9404
9656
9735
9706
9696
9395
9496
9648
9689
9739
9559
9591
9610
9774
9738
9592
9563
9672
9781
9765
9650
9625
9671
9710
9707
9488
9617
9689
9724
9714
9531
9577
9692
9735
9761
9592
9600
9689
9735
9667
9463
9650
9710
9678
9733
9473
9629
9689
9764
9725
9480
9614
9606
9589
9678
9611
9535
9653
9739
9746
9641
9607
9677
9739
9732
9671
9575
9697
9715
9684
9559
9603
9674
9707
9721
9559
9598
9685
9710
9735
9598
9616
9682
9707
9649
9506
9605
9595
9682
9713
9546
9621
9667
9718
9740
9570
9548
9675
9710
9753
9559
9526
9610
9783
9753
9599
9549
9664
9765
9761
9613
9546
9668
9732
9725
9469
9599
9692
9753
9731
9498
9625
9718
9750
9750
9545
9632
9700
9743
9693
9433
9656
9695
9771
9728
9445
9635
9704
9722
9736
9491
9445
9628
9750
9746
9657
9606
9666
9783
9771
9642
9506
9685
9746
9740
9692
9603
9677
9768
9733
9563
9666
9661
9756
9775
9599
9645
9679
9724
9736
9643
9641
9677
9756
9729
9524
9578
9729
9769
9743
9559
9636
9708
9757
9754
9624
9524
9649
9707
9746
9681
9531
9678
9776
9761
9692
9555
9650
9703
9757
9700
9621
9642
9729
9754
9628
9605
9707
9667
9740
9657
9592
9667
9721
9722
9678
9562
9707
9747
9685
9588
9660
9728
9757
9757
9610
9571
9661
9753
9732
9628
